0.684 0.125 87.0625
0.416 0.33069055141056003 50.2777777777778
0.376 0.507117613209089 64.2777777777778
0.265 0.09090909090909105 43.6875
0.395 0.29439283914627 55.0625
0.207 0.16666666666666696 66.775
0.137 0.5092859565851511 98.9
0.152 0.14866495073803998 87.5294117647059
0.181 0.3349966772174 53.4375
0.16 0.366650887534709 99.3125
0.277 0.25 61.675
0.348 0.194322897398004 34
0 0.0 42.625
0.275 0.12477043837253798 47.1875
0.377 0.5332257840068211 39.3666666666667
0.487 0.345753273364377 46.875
0.347 0.22627271691329498 36.2941176470588
0.343 0.216216216216216 45.8125
0.223 0.20972676549527003 89.0666666666667
0.231 0.23170361687655106 83.8
0.256 0.11515520518321198 85.4
