0.503 0.55640585188818 29.7777777777778
0.539 0.16666666666666696 42.4
0.415 0.21859525085451104 46.1875
0.553 0.35810854793303004 34.2941176470588
0.149 0.181818181818182 74.2
0.419 0.419813722146552 54.4375
0.489 0.28950227565418296 44.7058823529412
0.405 0.10869565217391297 52.3333333333333
0.243 0.186783349009649 44.75
0.282 0.222222222222222 72.0555555555556
0.17 0.200609140740447 72
0.461 0.42115091140195204 54.3333333333333
0.503 0.181818181818182 23.625
0.372 0.350900730948391 32.2352941176471
0.347 0.194322897398004 28.8125
0.484 0.172918294864145 35.3888888888889
0.446 0.392677451304016 20.4117647058824
0.359 0.21612087137927405 30.1666666666667
0.339 0.25 32.8888888888889
0.383 0.200609140740447 34.6666666666667
0.429 0.38404838891638904 31.5555555555556
