0.481 0.0 23.2777777777778
0.537 0.443976640336446 53.6875
0.47 0.337212222748148 35.875
0.298 0.117647058823529 45.7222222222222
0.217 0.32628284363108495 85.15
0.373 0.37818884828045995 48.7333333333333
0.428 0.206896551724138 67.2222222222222
0.24 0.09999999999999998 64.59375
0.232 0.24876419380038395 68.75
0.242 0.632548045859595 42.4444444444444
0.484 0.29928928229128504 56.8
0.275 0.20304741425581196 66.2666666666667
0.195 0.29012729514872104 55
0.244 0.11111111111111105 72.375
0.332 0.23906899929390502 40.3333333333333
0.47 0.48940704623979703 56.3529411764706
0.369 0.23188034199351004 95
0.301 0.31606205939145304 39.7222222222222
0.424 0.596642172112288 46.5
0.354 0.500360058280342 48.0555555555556
0.529 0.24377001395700704 38.35
