0.635 0.48100353514651295 22.375
0.388 0.26197658007589497 47.45
0.384 0.17512065150949396 40.5588235294118
0.411 0.26435145931305704 50.4375
0.445 0.5092859565851511 46.9333333333333
0.332 0.19999999999999996 24.3125
0.338 0.22091761191987902 45.7777777777778
0.29 0.282244913518384 28.5625
0.312 0.38230328076825804 46.875
0.437 0.12439136695431396 40.4375
0.336 0.21082527881687496 53.1333333333333
0.283 0.283195855548925 88.6875
0.462 0.37554434087272603 28.3529411764706
0.268 0.12117433301596903 77.3529411764706
0.301 0.419653695941955 46.625
0.351 0.22178799530244597 59.75
0.409 0.23720242812748804 40.875
0.336 0.471737429955164 78.8
0.355 0.19423789829364002 39.2666666666667
0.373 0.20988284034507698 40.3888888888889
0.254 0.11111111111111105 66.0555555555556
